347
213 = 1 (214)
213 = 2 (213 | 214)
214 = 1 (215)
214 = 1 (245)
214 = 1 (3)
215 = 2 (247 | 281)
216 = 1 (4)
217 = 1 (216)
217 = 1 (5)
217 = 1 (6)
217 = 1 (7)
217 = 1 (8)
217 = 1 (9)
217 = 3 (10 | 243 | 11)
218 = 1 (217)
218 = 4 (218 | 12 | 219 | 13)
218 = 1 (220)
218 = 3 (218 | 14 | 4)
218 = 2 (218 | 15)
218 = 2 (218 | 16)
219 = 1 (243)
220 = 1 (221)
221 = 1 (222)
222 = 2 (224 | 11)
222 = 2 (223 | 11)
223 = 2 (225 | 17)
223 = 1 (225)
224 = 2 (225 | 241)
224 = 3 (224 | 18 | 241)
225 = 2 (226 | 10)
226 = 1 (267)
226 = 1 (218)
227 = 1 (218)
227 = 2 (15 | 227)
227 = 2 (16 | 227)
227 = 2 (228 | 227)
228 = 1 (19)
228 = 1 (20)
228 = 1 (21)
228 = 1 (22)
229 = 1 (227)
229 = 3 (229 | 23 | 227)
229 = 3 (229 | 24 | 227)
229 = 3 (229 | 25 | 227)
230 = 1 (229)
230 = 3 (230 | 19 | 229)
230 = 3 (230 | 20 | 229)
231 = 1 (230)
231 = 3 (231 | 26 | 230)
231 = 3 (231 | 27 | 230)
232 = 1 (231)
232 = 3 (232 | 28 | 231)
232 = 3 (232 | 29 | 231)
232 = 3 (232 | 30 | 231)
232 = 3 (232 | 31 | 231)
233 = 1 (232)
233 = 3 (233 | 32 | 232)
233 = 3 (233 | 33 | 232)
234 = 1 (233)
234 = 3 (234 | 34 | 233)
235 = 1 (234)
235 = 3 (235 | 35 | 234)
236 = 1 (235)
236 = 3 (236 | 36 | 235)
237 = 1 (236)
237 = 3 (237 | 37 | 236)
238 = 1 (237)
238 = 3 (238 | 38 | 237)
239 = 1 (238)
239 = 3 (239 | 39 | 238)
240 = 1 (239)
240 = 5 (239 | 40 | 243 | 41 | 241)
241 = 1 (240)
241 = 3 (227 | 242 | 241)
242 = 1 (42)
242 = 1 (43)
242 = 1 (44)
242 = 1 (45)
242 = 1 (46)
242 = 1 (47)
242 = 1 (48)
242 = 1 (49)
242 = 1 (50)
242 = 1 (51)
242 = 1 (52)
243 = 1 (241)
243 = 3 (243 | 18 | 241)
244 = 1 (240)
245 = 2 (247 | 3)
245 = 2 (254 | 3)
245 = 4 (53 | 270 | 267 | 3)
245 = 6 (263 | 4 | 54 | 272 | 55 | 3)
245 = 7 (263 | 4 | 54 | 272 | 55 | 4 | 3)
245 = 8 (263 | 4 | 54 | 272 | 55 | 4 | 268 | 3)
245 = 2 (263 | 3)
245 = 3 (263 | 4 | 3)
245 = 4 (263 | 4 | 246 | 3)
246 = 2 (18 | 4)
246 = 3 (246 | 18 | 4)
247 = 2 (248 | 11)
248 = 1 (250)
248 = 1 (249)
249 = 2 (250 | 252)
249 = 3 (249 | 18 | 252)
250 = 3 (256 | 4 | 10)
251 = 2 (267 | 4)
251 = 3 (267 | 4 | 268)
252 = 2 (263 | 251)
252 = 1 (251)
252 = 2 (263 | 253)
252 = 1 (253)
253 = 1 (267)
254 = 1 (255)
254 = 3 (254 | 18 | 4)
254 = 4 (254 | 18 | 4 | 268)
254 = 6 (254 | 18 | 4 | 268 | 42 | 276)
254 = 5 (254 | 18 | 4 | 42 | 276)
255 = 1 (256)
255 = 2 (256 | 4)
255 = 3 (256 | 4 | 268)
255 = 5 (256 | 4 | 268 | 42 | 276)
255 = 4 (256 | 4 | 42 | 276)
256 = 1 (267)
256 = 2 (263 | 267)
257 = 1 (56)
258 = 1 (57)
258 = 1 (58)
258 = 1 (59)
259 = 4 (60 | 10 | 260 | 11)
260 = 1 (261)
260 = 3 (260 | 18 | 261)
261 = 1 (4)
261 = 3 (4 | 42 | 244)
261 = 1 (61)
262 = 1 (62)
263 = 1 (264)
263 = 2 (263 | 264)
264 = 1 (265)
264 = 1 (259)
264 = 1 (270)
264 = 1 (258)
264 = 1 (257)
264 = 1 (262)
265 = 1 (63)
265 = 1 (64)
265 = 1 (65)
265 = 1 (66)
265 = 1 (67)
265 = 1 (68)
265 = 1 (69)
265 = 1 (70)
265 = 1 (71)
265 = 1 (61)
265 = 1 (72)
265 = 1 (73)
265 = 1 (74)
265 = 1 (75)
265 = 1 (76)
265 = 1 (77)
265 = 4 (77 | 10 | 266 | 11)
266 = 1 (78)
266 = 3 (266 | 18 | 78)
267 = 1 (269)
267 = 2 (269 | 268)
268 = 2 (12 | 13)
268 = 3 (12 | 240 | 13)
268 = 3 (268 | 12 | 13)
268 = 4 (268 | 12 | 240 | 13)
269 = 1 (17)
269 = 1 (79)
269 = 1 (80)
269 = 1 (81)
269 = 1 (82)
269 = 1 (83)
269 = 1 (84)
269 = 1 (85)
269 = 1 (86)
269 = 1 (87)
269 = 1 (88)
269 = 1 (89)
269 = 1 (90)
269 = 1 (91)
269 = 1 (92)
269 = 1 (93)
269 = 1 (94)
269 = 1 (95)
269 = 1 (96)
269 = 1 (97)
269 = 1 (98)
269 = 1 (99)
269 = 1 (100)
269 = 1 (101)
269 = 1 (102)
269 = 1 (103)
269 = 1 (104)
269 = 1 (105)
269 = 1 (106)
269 = 1 (107)
269 = 1 (108)
269 = 1 (109)
269 = 1 (110)
269 = 1 (111)
269 = 1 (112)
269 = 1 (113)
269 = 1 (114)
269 = 1 (115)
269 = 1 (116)
269 = 1 (117)
269 = 1 (118)
269 = 1 (119)
269 = 1 (120)
269 = 1 (121)
269 = 1 (122)
269 = 1 (123)
269 = 1 (124)
269 = 1 (125)
269 = 1 (126)
269 = 1 (127)
269 = 1 (128)
269 = 1 (129)
269 = 1 (130)
269 = 1 (131)
269 = 1 (132)
269 = 1 (133)
269 = 1 (134)
269 = 1 (135)
269 = 1 (136)
269 = 1 (137)
269 = 1 (138)
269 = 1 (139)
269 = 1 (140)
269 = 1 (141)
269 = 1 (142)
269 = 1 (143)
269 = 1 (144)
269 = 1 (145)
269 = 1 (146)
269 = 1 (147)
269 = 1 (148)
269 = 1 (149)
269 = 1 (150)
269 = 1 (151)
269 = 1 (152)
269 = 1 (153)
269 = 1 (154)
269 = 1 (155)
269 = 1 (156)
269 = 1 (157)
269 = 1 (158)
269 = 1 (159)
269 = 1 (160)
269 = 1 (161)
269 = 1 (162)
269 = 1 (163)
269 = 1 (164)
269 = 1 (165)
269 = 1 (166)
269 = 1 (167)
269 = 1 (168)
269 = 1 (169)
269 = 1 (170)
269 = 1 (171)
269 = 1 (172)
269 = 1 (173)
269 = 1 (174)
269 = 1 (175)
269 = 1 (176)
269 = 1 (177)
269 = 1 (178)
269 = 1 (179)
269 = 1 (180)
269 = 1 (181)
269 = 1 (182)
269 = 1 (183)
269 = 1 (184)
269 = 1 (185)
269 = 1 (186)
269 = 1 (187)
269 = 1 (188)
269 = 1 (189)
269 = 1 (190)
269 = 1 (191)
269 = 1 (192)
269 = 1 (193)
269 = 1 (194)
269 = 1 (195)
269 = 1 (196)
269 = 1 (271)
269 = 1 (78)
270 = 1 (197)
270 = 1 (198)
270 = 1 (199)
271 = 5 (200 | 78 | 54 | 272 | 55)
271 = 4 (200 | 54 | 272 | 55)
272 = 1 (273)
272 = 2 (272 | 273)
273 = 3 (267 | 274 | 3)
273 = 4 (263 | 267 | 274 | 3)
274 = 1 (275)
274 = 3 (274 | 18 | 275)
275 = 1 (4)
275 = 2 (4 | 268)
276 = 1 (241)
276 = 3 (54 | 277 | 55)
276 = 4 (54 | 277 | 18 | 55)
277 = 1 (276)
277 = 3 (277 | 18 | 276)
278 = 1 (245)
279 = 1 (281)
279 = 1 (280)
280 = 1 (278)
280 = 1 (283)
280 = 1 (284)
280 = 1 (287)
280 = 1 (289)
280 = 1 (290)
280 = 1 (294)
281 = 2 (54 | 55)
281 = 3 (54 | 282 | 55)
282 = 1 (279)
282 = 2 (282 | 279)
283 = 1 (3)
283 = 2 (243 | 3)
284 = 5 (201 | 10 | 243 | 11 | 285)
285 = 3 (279 | 202 | 279)
285 = 1 (279)
286 = 1 (243)
286 = 4 (256 | 4 | 42 | 276)
287 = 7 (203 | 10 | 243 | 11 | 54 | 288 | 55)
288 = 0 ()
288 = 1 (282)
289 = 3 (204 | 243 | 41)
289 = 2 (205 | 41)
290 = 5 (206 | 10 | 286 | 11 | 279)
290 = 7 (207 | 279 | 206 | 10 | 243 | 11 | 3)
290 = 6 (208 | 10 | 291 | 293 | 11 | 279)
291 = 1 (283)
291 = 1 (278)
292 = 1 (286)
292 = 0 ()
293 = 2 (292 | 3)
293 = 3 (292 | 3 | 243)
294 = 2 (209 | 3)
294 = 2 (210 | 3)
294 = 2 (211 | 3)
294 = 3 (211 | 243 | 3)
294 = 2 (212 | 3)
