126
70 = 1 (71)
70 = 1 (75)
70 = 1 (80)
70 = 1 (81)
70 = 1 (82)
70 = 1 (83)
70 = 1 (84)
71 = 6 (2 | 3 | 4 | 72 | 5 | 73)
71 = 5 (2 | 3 | 4 | 5 | 73)
71 = 3 (2 | 3 | 73)
71 = 2 (6 | 3)
72 = 1 (3)
72 = 3 (72 | 7 | 3)
73 = 2 (73 | 74)
73 = 1 (74)
73 = 0 ()
74 = 1 (3)
74 = 1 (8)
74 = 1 (9)
74 = 1 (10)
74 = 1 (11)
74 = 1 (12)
74 = 1 (13)
74 = 1 (4)
74 = 1 (5)
74 = 1 (14)
74 = 1 (15)
74 = 1 (16)
74 = 1 (17)
74 = 1 (18)
74 = 1 (7)
74 = 1 (19)
74 = 1 (20)
74 = 1 (21)
74 = 1 (22)
74 = 1 (23)
74 = 1 (24)
74 = 1 (25)
74 = 1 (26)
74 = 1 (27)
74 = 1 (28)
74 = 1 (29)
74 = 1 (30)
74 = 1 (31)
74 = 1 (32)
74 = 1 (33)
74 = 1 (34)
74 = 1 (35)
74 = 1 (36)
74 = 1 (37)
74 = 1 (38)
74 = 1 (39)
74 = 1 (40)
74 = 1 (41)
74 = 1 (42)
74 = 1 (43)
74 = 1 (44)
74 = 1 (45)
74 = 1 (46)
74 = 1 (47)
74 = 1 (48)
74 = 1 (49)
74 = 1 (50)
74 = 1 (51)
74 = 1 (52)
74 = 1 (53)
74 = 1 (54)
74 = 1 (55)
75 = 1 (76)
75 = 1 (77)
75 = 1 (78)
75 = 1 (79)
76 = 2 (56 | 85)
76 = 2 (57 | 85)
76 = 2 (58 | 85)
77 = 1 (59)
78 = 2 (60 | 85)
79 = 1 (61)
80 = 2 (62 | 63)
81 = 2 (64 | 3)
81 = 5 (64 | 3 | 4 | 72 | 5)
81 = 4 (64 | 3 | 4 | 5)
82 = 4 (65 | 63 | 41 | 63)
83 = 2 (66 | 67)
83 = 3 (66 | 67 | 3)
84 = 2 (68 | 67)
84 = 3 (68 | 67 | 67)
85 = 1 (86)
86 = 1 (87)
86 = 3 (86 | 39 | 87)
87 = 1 (88)
87 = 3 (87 | 37 | 88)
88 = 1 (89)
88 = 3 (88 | 36 | 89)
89 = 1 (90)
89 = 3 (89 | 35 | 90)
90 = 1 (91)
90 = 3 (90 | 34 | 91)
91 = 1 (92)
91 = 3 (91 | 32 | 92)
91 = 3 (91 | 33 | 92)
92 = 1 (93)
92 = 3 (92 | 28 | 93)
92 = 3 (92 | 29 | 93)
92 = 3 (92 | 30 | 93)
92 = 3 (92 | 31 | 93)
93 = 1 (94)
93 = 3 (93 | 26 | 94)
93 = 3 (93 | 27 | 94)
94 = 1 (95)
94 = 3 (94 | 19 | 95)
94 = 3 (94 | 20 | 95)
95 = 1 (96)
95 = 3 (95 | 23 | 96)
95 = 3 (95 | 24 | 96)
95 = 3 (95 | 25 | 96)
96 = 1 (98)
96 = 2 (97 | 96)
97 = 1 (69)
97 = 1 (19)
97 = 1 (20)
97 = 1 (22)
97 = 1 (21)
98 = 1 (67)
98 = 1 (3)
98 = 3 (4 | 85 | 5)
